// Level
											42:				[
																// Waypoints in order
																[19,4],
																[16,4],
																[16,7],
																[8,7],
																[2,12],
																[2,10],
															],
															
											52:				[
																[19,5],
																[17,5],
																[17,3],
																[9,3],
																[9,10],
															],			
											
											62:				[
																[13,0],
																[13,1],
																[12,1],
																[12,5],
																[17,5],
																[17,7],
															],
															
											72:				[
																[1,0],
																[7,4],
																[10,6],
																[12,8],
																[14,10],
																[17,12],
															],
															
											82:				[
																[19,6],
																[16,6],
																[11,6],
																[4,2],
															],

											83:				[
																[4,14],
																[4,10],
																[4,2],
															],	

											91:				[
																[19,6],
																[12,6],
																[7,6],
															],	

											92:				[
																[13,0],
																[10,4],
																[7,6],
															],	

											93:				[
																[0,6],
																[5,6],
																[7,6],
															],
															
											101:			[
																[0,9],
																[11,9],
																[11,7],
																[16,7],
															],

															
											102:			[
																[0,7],
																[8,7],
																[11,7],
																[16,7],
															],

															
											111:			[
																[9,14],
																[9,12],
																[6,12],
																[6,7],
																[7,7],
																[7,6],
																[9,6],
																[9,4],
															],

											112:			[
																[9,14],
																[9,12],
																[9,6],
																[9,4],
															],
															
											121:			[
																[2,0],
																[2,5],
																[7,5],
																[7,9],
																[3,9],
															],
															
											122:			[
																[10,14],
																[10,12],
																[7,12],
																[7,9],
																[7,7],
																[3,9],
															],
															
											130:			[
																[0,7],
																[7,7],
																[10,7],
															],
											
											131:			[
																[10,0],
																[10,4],
																[10,7],
															],
															
											132:			[
																[19,7],
																[13,7],
																[10,7],
															],
															
											133:			[
																[10,14],
																[10,10],
																[10,7],
															],				
															